22.31329331265833 114.04311434768165 -96.51432291666667
22.313300767594285 114.04312281653714 -96.23158482142857
22.313308371716246 114.04313152502749 -96.1943359375
22.313315990514443 114.04314114745999 -96.20746527777777
22.313323599790998 114.043150760256 -96.3203125
22.313337480679003 114.04316805901799 -95.9671875
22.313351651368997 114.04318556821299 -96.112109375
22.313365708733 114.04320363859202 -96.157421875
22.313378983794998 114.043221541982 -96.252734375
22.313390754537004 114.04323809980599 -96.33046875
22.313400861858003 114.04325277202699 -96.1015625
22.313409233839003 114.043265913113 -96.2140625
22.313416022808003 114.04327746200299 -96.26171875
22.313421374376 114.043286758197 -96.40234375
22.313425095207997 114.04329539704602 -96.226171875
22.313427084342997 114.04330373975499 -96.546484375
22.313427156879996 114.043311864591 -96.523046875
22.313425123218998 114.04331980430099 -96.376171875
22.313421029298 114.043327063556 -96.490625
22.313415245638 114.04333439707901 -96.62265625
22.313407792125 114.04334203713499 -96.5921875
22.313398710509997 114.04334964616001 -96.6328125
22.31338778998 114.04335749733801 -96.67421875
22.313375078560004 114.04336598837399 -96.525390625
22.313361067984 114.04337477225002 -96.530859375
22.313345285097 114.04338298402699 -96.440234375
22.313328756222997 114.043391496867 -96.393359375
22.313311577439 114.043400409495 -96.35859375
22.313294491591996 114.04341018025801 -96.28046875
22.313278143296 114.043421098931 -96.058984375
22.313262714875997 114.04343364333201 -96.2953125
22.313248305919 114.043447960919 -96.27109375
22.313235247898 114.043463966823 -96.25625
22.313223766515 114.04348127963301 -96.18046875
22.313213915571 114.04349914811603 -96.194140625
22.313206648544003 114.04351833576303 -96.265234375
22.31320125581 114.043538070422 -96.4609375
22.313197914233 114.04355845310502 -96.362890625
22.313195994996 114.04357934159002 -96.008203125
22.313194680556997 114.04360084735201 -95.872265625
22.313193572434997 114.043622590172 -95.82578125
22.313192226833998 114.04364424600301 -95.8609375
22.313190039339 114.04366550089999 -95.7125
22.313186258508 114.043686037201 -95.78828125
22.313180292042002 114.043705056211 -95.766015625
22.313171736093 114.043722734724 -95.455078125
22.313160618770002 114.04373880843802 -95.275390625
22.313147118421004 114.04375336932401 -95.309765625
22.313131420178003 114.04376635706701 -95.60234375
22.313113696904 114.043777677498 -95.712109375
22.313094258006 114.04378737407801 -95.74140625
22.313073378981 114.04379562321401 -95.856640625
22.313051377873002 114.04380296142999 -95.967578125
22.313028789868 114.043809109023 -95.62578125
22.313005989695 114.043814792716 -95.544140625
22.312983457688997 114.04381909508803 -96.0890625
22.312961089388 114.04382224978201 -96.062890625
22.31293880924 114.043824226572 -96.25859375
22.312916959438 114.04382433815002 -96.23203125
22.312895940596 114.04382249574098 -96.190625
22.31287598469 114.043818396384 -96.26171875
22.312857425538997 114.043811663835 -96.058984375
22.312840603759998 114.043801951145 -96.01015625
22.312825842218 114.04378973541402 -96.5046875
22.312813382091 114.043775319043 -96.657421875
22.312803437446 114.04375935618 -96.27578125
22.312796569226997 114.04374182541301 -96.46328125
22.312792952825998 114.043722723618 -96.51171875
22.312792325456 114.043702746685 -96.51015625
22.31279437009 114.04368205042401 -96.4703125
22.312798780169 114.043661096441 -96.428125
22.312805209424 114.04364036364998 -96.51640625
22.312813432868 114.04361982698099 -96.62421875
22.312823029486 114.043599494601 -96.387890625
22.312833341092002 114.043579940174 -96.408984375
22.312844175341 114.04356058576302 -96.589453125
22.312855049390997 114.043541158122 -96.283984375
22.312865002276002 114.04352163752299 -96.05234375
22.312874428483003 114.04350213489799 -95.751953125
22.312883063535 114.04348249224101 -95.607421875
22.31289105458 114.04346177136702 -95.390234375
22.312898010132 114.04344028288601 -94.744921875
22.312903719093 114.04341792316802 -94.169921875
22.312908627781002 114.043394670212 -93.746875
22.312911985999 114.04336992451499 -93.10546875
22.312914153076 114.04334415144999 -92.32890625
22.312915096693 114.04331768279899 -91.88515625
22.312914581542 114.043290485753 -91.340625
22.312912937106 114.04326253392301 -90.887109375
22.312910419675 114.043233968702 -90.75546875
22.312906859854 114.04320553283898 -90.154296875
22.312902736787002 114.043177524111 -90.555859375
22.312898643855 114.04314862859098 -90.878515625
22.312893921333 114.043119766115 -91.31328125
22.312889909161 114.04309096348501 -91.5640625
22.312885530727005 114.04306224592702 -91.45546875
22.312880695532005 114.043033607743 -91.818359375
22.312876220275 114.043004814555 -92.203515625
22.312871706984 114.04297601516001 -91.8984375
22.312867105164 114.042947089168 -91.66171875
22.312862403339 114.04291802372799 -92.00859375
22.312857720103 114.04288802706 -91.859375
22.312852643696 114.042858492195 -91.54453125
22.312847466386 114.04282858354202 -91.162109375
22.312841732011996 114.042798162236 -91.14453125
22.312835793334997 114.042767346325 -91.530078125
22.312829990516 114.042736190349 -91.32265625
22.312824549212 114.042705089068 -91.162890625
22.312818359988 114.04267395649399 -91.75
22.312812265749 114.042642444488 -92.16328125
22.312806216188 114.04261076497801 -92.0734375
22.312799908690003 114.042579710732 -92.4171875
22.312793819024 114.042548775916 -92.766015625
22.312788072910998 114.04251718803 -93.19296875
22.312782365945 114.04248587921703 -93.393359375
22.312776991002 114.04245501039699 -93.9859375
22.312771848729 114.04242456506299 -94.264453125
22.312767232808 114.04239466799 -94.60390625
22.312764117799 114.042365494308 -94.70703125
22.312761836397 114.042337676617 -94.906640625
22.312760719368 114.042310790789 -95.50078125
22.312761281684004 114.04228406781999 -95.798828125
22.312763374539998 114.042258273521 -96.0796875
22.312766949238 114.04223448905202 -96.101171875
22.312772565495 114.04221192116202 -96.258984375
22.312779987943 114.04219028831798 -96.134375
22.312789167440002 114.04216964881297 -96.38828125
22.312799383084002 114.04214989524799 -96.31171875
22.312810331371 114.04213064345299 -96.63828125
22.312821606397 114.042111563403 -96.641796875
22.312833015964 114.042093035772 -96.48984375
22.31284407219 114.04207499892 -96.421875
22.31285448179 114.04205735987998 -96.363671875
22.31286420125 114.042040026764 -96.366796875
22.312872435626 114.04202091284598 -96.3890625
22.312880099179004 114.04200246816099 -96.390625
22.312886210967 114.041983823391 -96.464453125
22.312891388358 114.04196573495001 -96.640234375
22.312895373089 114.04194966031403 -96.76796875
22.312899096402 114.041934675105 -96.86328125
22.312902146318997 114.04192170046198 -97.084375
22.312904635754002 114.04191053643099 -96.930859375
22.312906407183 114.041901247354 -96.75546875
22.312907218031 114.041893779411 -96.851953125
22.312908039835996 114.04188975833499 -96.794921875
22.312907937275003 114.04188712436 -96.715234375
22.312908025549 114.04188620867902 -96.7046875
22.312908015825 114.041886364747 -96.747265625
22.312908187004002 114.041886234727 -96.650390625
22.312907911243997 114.041886871189 -96.653515625
22.312907574569003 114.04188715612702 -96.416015625
22.312907208868 114.04188744840499 -96.383984375
22.312907028562996 114.04188735095599 -96.481640625
22.312907396354 114.041886051662 -96.28203125
22.312907723513 114.041884791 -96.297265625
22.312908176691998 114.04188298555 -96.46875
22.312908705618 114.041880719454 -96.2828125
22.312909220499 114.041877895477 -96.089453125
22.312910271196 114.04187304572 -96.02265625
22.312911906226997 114.0418662292 -95.9609375
22.31291450408 114.04185741873002 -95.998828125
22.312918331762 114.04184644578802 -95.95625
22.312923569425 114.04183376415499 -96.15390625
22.312929723695 114.04181973651 -96.171484375
22.312937480720002 114.04180383433001 -96.2859375
22.31294636388 114.041785829084 -96.01015625
22.312956620272 114.041765643085 -96.103515625
22.312968204222 114.04174405634099 -96.162109375
22.312980510581 114.041722595068 -96.197265625
22.312993430694 114.04170156670702 -96.091015625
22.313006671345 114.04168055606299 -96.172265625
22.313020043057996 114.04165945198 -96.219921875
22.313033521865 114.041638047529 -95.925
22.313047274161 114.041616680273 -96.046875
22.313060934506005 114.04159415261302 -96.027734375
22.313074857967003 114.04157144749497 -96.1546875
22.313088676209002 114.041549129033 -96.2078125
22.313102930099 114.04152846308202 -96.208984375
22.313117559604002 114.04150811005101 -95.925
22.31313249481 114.04148755491399 -95.918359375
22.313147971504 114.04146710550401 -95.92734375
22.313163766544 114.04144748165399 -95.596484375
22.31317942637 114.041428504333 -95.723828125
22.313195372424996 114.04141012522 -95.641796875
22.313211383535 114.041393124558 -95.60859375
22.313227241242 114.04137664726598 -95.625
22.31324319859 114.04136112449498 -95.623828125
22.313259200344 114.041345062951 -95.82265625
22.313275117484004 114.041328879563 -96.169140625
22.313290938112 114.04131337900802 -96.034375
22.313306619372003 114.04129841895 -95.91875
22.313322571129998 114.04128283901301 -96.05625
22.313338575146 114.041267132429 -96.0078125
22.31335417384 114.041251139832 -96.017578125
22.31336952004 114.041234935992 -95.9875
22.313384860493 114.041218925925 -96.2203125
22.313399886693 114.041202235729 -96.26015625
22.313414214494 114.04118421052299 -95.919921875
22.313427443076 114.04116567891799 -95.883203125
22.313441691705002 114.04114608724498 -96.07265625
22.313453921068 114.04112557434 -96.178515625
22.313464977006 114.04110487830901 -96.636328125
22.313476785974 114.041083948595 -96.68203125
22.313486349599003 114.041062451985 -96.7375
22.313495271753 114.041040625354 -96.919921875
22.313504329173 114.04101864498398 -96.70625
22.313512826879 114.04099653455998 -96.63984375
22.313520901848 114.040974183608 -96.828515625
22.313528703998998 114.040952277326 -96.84296875
22.313534891977 114.040929943986 -96.85078125
22.313542065963 114.04090761942 -96.925
22.313549655767996 114.04088513671199 -96.662890625
22.313555764529998 114.04086247871699 -96.63046875
22.313563891834 114.04084023179698 -96.526171875
22.313572722725 114.0408181299 -96.45
22.313581427953 114.04079633681599 -96.395703125
22.313590766783 114.04077535516998 -96.32265625
22.313601008590002 114.040753052802 -96.216796875
22.313612755545 114.040731261377 -96.32421875
22.313625624740002 114.040710922273 -96.216015625
22.313639797542002 114.04069196856702 -95.95546875
22.313654555258005 114.040674460335 -95.8328125
22.313670353947 114.040658446571 -95.809375
22.313686592522 114.04064381067901 -95.928125
22.313704156839 114.04063101276002 -95.9828125
22.313722412955 114.040619533436 -96.104296875
22.313741373011 114.04060913152401 -96.172265625
22.313760729921 114.040601927506 -96.36328125
22.313780401368 114.04059517161099 -96.158203125
22.313800237000002 114.04058858205799 -96.31328125
22.313820620349 114.040582675808 -96.316796875
22.313841173332996 114.04057666440102 -96.18046875
22.31386111994 114.04056940810999 -96.149609375
22.313881353221998 114.040561825336 -96.139453125
22.31390090522 114.040553497772 -95.89296875
22.313920031767005 114.040544028422 -95.785546875
22.313939102316002 114.04053353508 -95.7578125
22.313958472044 114.04052239534198 -95.544921875
22.313978648795 114.04051179369999 -95.482421875
22.313998431963 114.040500227276 -95.3671875
22.31401711223 114.040486987801 -95.54609375
22.314035734467 114.040472988241 -96.044140625
22.314054963628998 114.040459697672 -96.014453125
22.314072988594994 114.04044577738202 -96.0515625
22.314090348456 114.040430618772 -96.0703125
22.314107592861998 114.04041487847401 -96.06328125
22.314123558208 114.04039848301099 -96.023046875
22.314137640804 114.040381266423 -96.234765625
22.314151207437998 114.04036315552298 -96.38515625
22.314162411671997 114.04034417517998 -96.368359375
22.314172940065 114.04032500569699 -96.4234375
22.314182798460003 114.04030432685602 -96.26328125
22.314191355113003 114.04028411673603 -96.46953125
22.314199394619 114.04026349083298 -96.550390625
22.314205986832 114.04024221589297 -96.615234375
22.314211339698 114.040221812471 -96.741796875
22.314215475353002 114.04020104031198 -96.67421875
22.314219200152003 114.04017959805701 -96.52265625
22.314219583192 114.04015856076401 -96.4859375
22.314220203566002 114.04013728559298 -96.68828125
22.314219892110003 114.04011595069801 -96.624609375
22.314218833809 114.040094465088 -96.50703125
22.314216625148 114.04007111819801 -96.467578125
22.314213686413 114.04004690637998 -96.4640625
22.314210819673 114.04002387308398 -96.432421875
22.314207549565005 114.039999485219 -96.61640625
22.314204885132003 114.039975272833 -96.69609375
22.314202157704003 114.03995093521101 -96.708203125
22.314201405077004 114.03992519051198 -96.674609375
22.314201721428002 114.039900310317 -96.57890625
22.31420312661 114.039875040366 -96.69765625
22.314204774638004 114.03985042706601 -96.785546875
22.314208231054 114.03982578871 -96.740234375
22.314213459749002 114.039801683057 -96.596484375
22.314220066866003 114.039776762215 -96.609375
22.314225613522 114.039750820014 -96.40703125
22.314231788198 114.039724286762 -96.20859375
22.314239536351003 114.039697943773 -96.13515625
22.314249181922 114.03967169321402 -96.184375
22.314259328656 114.03964475258299 -96.13828125
22.314269325793 114.03961750566899 -96.01796875
22.314279546999003 114.03959050506401 -95.9328125
22.314290056049 114.03956373943001 -96.02578125
22.314300123415 114.03953723558202 -95.871484375
22.314309518253 114.03951139562801 -96.025
22.314321139671996 114.039487043342 -95.907421875
22.314333161266 114.03946335612997 -95.81953125
22.314344599587 114.039439973636 -95.88828125
22.314354210988 114.039416284761 -95.9484375
22.314363620258 114.039393001605 -95.850390625
22.314373180184 114.03937033945901 -95.98515625
22.314382480955 114.039348512643 -95.89375
22.314386853248884 114.03933770953 -95.72526041666667
22.3143913467375 114.03932685396751 -95.865234375
22.314396127539997 114.03931555786572 -95.64341517857143
22.314400849720002 114.03930416702 -95.66536458333333
22.314405369768004 114.039292670894 -96.11875
