800.7018274289409 -82.91259765625
799.7728495050368 -82.78125
798.5488130400497 -82.790234375
796.9980465204944 -82.90269886363636
795.0921979458385 -82.92740885416667
792.8719680217383 -82.94080528846153
790.3753003275516 -82.94782366071429
787.6327802383614 -82.94322916666667
783.5009473322849 -82.94375
778.7397856284423 -82.87291666666667
773.3250439522444 -82.86796875
767.2374204350415 -82.82005208333334
760.4986352897758 -82.84661458333333
753.1237635155601 -82.853125
745.1436198635303 -82.84088541666667
736.591056425486 -82.86276041666666
727.4980251751856 -82.86119791666667
717.9049318952433 -82.83333333333333
707.8646064411715 -82.8453125
697.4350016308115 -82.85026041666667
686.6237652641333 -82.85963541666666
675.4348779315947 -82.90833333333333
663.8849530628048 -82.94010416666667
651.9975678885177 -82.96041666666666
639.799960427417 -82.9828125
627.3151088178114 -82.97942708333333
614.5612745230292 -83.14166666666667
601.554489834816 -83.13489583333333
595.2876238380743 -83.13616071428571
580.8417850004605 -83.18470982142857
566.1961544847884 -83.25864955357143
387.8305757126399 -83.39229910714286
381.15385542233645 -83.37109375
367.972304222389 -83.35729166666667
355.016610983962 -83.22317708333334
342.3303321608292 -83.1296875
329.96157532458545 -83.0265625
317.95922488290796 -82.90885416666667
306.3777693735102 -82.99869791666667
295.27729651190987 -82.95729166666666
284.71419468497504 -82.90703125
274.74149290463856 -82.9125
265.4118114850163 -82.94661458333333
256.7676233653411 -82.92734375
248.8601134300808 -82.87109375
241.72672646591553 -82.81015625
235.3530926330165 -82.80026041666666
229.6778262937109 -82.8171875
224.6201390391126 -82.77864583333333
220.0969836332628 -82.90833333333333
216.01099715228025 -82.9359375
212.2318753530759 -82.90651041666666
208.62100974975016 -82.9703125
205.0537204949713 -82.84661458333333
201.41357095257118 -82.85703125
200.02887752274975 -82.89425223214286
195.64891894199775 -82.93191964285714
190.91857791452392 -82.88225446428571
185.778648170255 -82.85267857142857
180.18122256124056 -82.93498883928571
174.1033453066022 -82.86356026785714
167.58325731855052 -82.89174107142857
153.5683168817348 -82.93108258928571
146.21103753206452 -82.94308035714286
138.67289479892418 -82.82477678571429
131.0099234718953 -82.80998883928571
123.28152093824379 -82.73186383928571
115.5375228426978 -82.67354910714286
107.82030282331172 -82.73995535714286
104.39740323676158 -82.71744791666667
97.35799132759287 -82.65677083333334
90.45098938084469 -82.70494791666667
83.69934619770514 -82.72083333333333
77.11826353454425 -82.7046875
70.73092706435702 -82.88932291666667
64.57312259683997 -82.68828125
58.683456982963094 -82.74635416666666
53.08301291027477 -82.64557291666667
47.7795969271758 -82.59348958333334
42.77902116436044 -82.67317708333333
40.132308744437964 -82.673828125
35.397367381037455 -82.69782366071429
31.04313637203573 -82.81584821428571
27.130543273194107 -82.763671875
23.747393620520818 -82.85072544642857
21.009293572600725 -82.81919642857143
19.066568444227116 -82.82254464285714
18.06907122053592 -82.80217633928571
19.002999787380112 -82.64006696428571
20.683057184851705 -82.85797991071429
22.92325791810217 -82.80998883928571
25.55521514974219 -82.89034598214286
28.411854295437465 -82.84598214285714
31.375496610301408 -82.80133928571429
32.63133492127448 -82.86276041666666
35.44379661155243 -82.81692708333334
38.26874502310608 -82.63828125
41.03208923522059 -82.571875
43.63558731965555 -82.63567708333333
46.00123238062099 -82.58984375
48.06307061853135 -82.40625
49.75935514164272 -82.51302083333333
51.060135562832635 -82.465625
51.96131284787489 -82.47239583333334
52.46655476163719 -82.50416666666666
52.56885776126337 -82.49505208333333
52.27095091129619 -82.46119791666666
51.600766789721746 -82.48046875
50.599459012942496 -82.4796875
49.2794571370731 -82.37682291666667
47.63261708151772 -82.42005208333333
47.00983553141909 -82.58705357142857
44.5813712466514 -82.70591517857143
41.88657699175508 -82.55915178571429
38.9760018668296 -82.716796875
35.90808778111418 -82.78236607142857
32.74299949361351 -82.65262276785714
29.514303210885746 -82.67354910714286
22.985177183827595 -82.39732142857143
19.803261822335458 -82.31612723214286
16.77668915135378 -82.29631696428571
14.039704018821794 -82.2890625
11.823654398928452 -82.14536830357143
10.485160873026256 -82.16657366071429
10.36762361937723 -81.95424107142857
10.755485342933248 -81.98072916666666
12.137407851016306 -81.93177083333333
14.070300534280628 -81.99609375
16.25677168409002 -81.89973958333333
18.49159645371233 -82.02942708333333
20.64672047867469 -82.05651041666667
22.651361244821388 -82.09947916666667
24.477672896368606 -82.25026041666666
26.10672466062952 -82.340625
27.504141593256282 -82.4
28.62630119323006 -82.41744791666666
29.424565920529144 -82.4203125
29.871077447224955 -82.565625
29.989561704683403 -82.55208333333333
29.81577087872169 -82.61770833333334
29.37489522010559 -82.57291666666667
28.687472294432844 -82.55416666666666
27.778496033295802 -82.43541666666667
26.661307287501685 -82.19114583333334
25.33888519786748 -81.93619791666667
23.850472087959417 -81.7703125
22.23018650067109 -81.715625
20.5302124183999 -81.50234375
19.71576463674396 -81.47739955357143
17.865840928975075 -81.45396205357143
16.171169359332332 -81.40262276785714
14.748303240802526 -81.48911830357143
13.6923939074031 -81.56640625
13.068228325859918 -81.60491071428571
12.953676279704798 -81.77120535714286
14.537854538498271 -81.962890625
16.1301908127173 -82.07003348214286
18.11169586883382 -82.32282366071429
20.36642460463157 -82.52985491071429
22.817474878708047 -82.67829241071429
25.41484726361406 -82.77483258928571
28.083358897979416 -82.92829241071429
29.260145867076854 -82.89791666666666
31.496327289125205 -82.93932291666667
33.44939004205533 -82.96614583333333
35.08945216136915 -83.03958333333334
36.441447077507966 -83.01354166666667
37.49413702845012 -83.03645833333333
38.20860564841299 -82.9046875
38.53003458795875 -82.97578125
38.42051593770427 -82.88463541666667
37.88024646870021 -82.77213541666667
36.91537686102195 -82.78723958333333
35.555342896181955 -82.77552083333333
33.819517145676414 -82.7703125
31.698620865747948 -82.64765625
29.23306806863143 -82.634375
26.53820068119178 -82.5734375
23.71323685431793 -82.48359375
20.826658880870852 -82.334375
17.88559233912952 -82.17057291666667
14.852469006013397 -82.06640625
11.747028730207761 -81.86354166666666
8.692777202654664 -81.909375
6.07108930084578 -81.78098958333334
4.937884370133038 -81.72083333333333
6.287701764738684 -81.83880208333333
9.132523544370756 -81.87291666666667
12.541254421312527 -81.79453125
16.24949322698797 -81.74505208333333
20.201006512520983 -81.8765625
24.403379037409213 -81.93151041666667
28.880248112726342 -81.9984375
31.046173866016343 -82.04380580357143
36.36346776320198 -82.18191964285714
41.97271112823878 -82.19112723214286
47.86448893155596 -82.31473214285714
54.03307496081086 -82.47516741071429
60.468095873560124 -82.51422991071429
67.15824634575263 -82.49581473214286
81.3449488988791 -82.62193080357143
88.8571822006817 -82.61941964285714
96.64435140324969 -82.64090401785714
104.67653646047609 -82.65178571428571
112.89948757833643 -82.57952008928571
121.25414505633883 -82.56919642857143
129.6880447783319 -82.61886160714286
133.6932883602084 -82.728125
141.50429018420394 -82.83098958333333
149.12335547744712 -82.85833333333333
156.51100410556154 -82.75520833333333
163.72544509420706 -82.77005208333334
170.84135305988784 -82.77057291666667
177.92502518816727 -82.80677083333333
185.0213901267706 -82.79817708333333
192.16827024391316 -82.865625
199.36178339891327 -82.88203125
206.58735266788173 -82.95807291666667
213.85417803986977 -82.98958333333333
221.19699058427628 -82.98984375
228.65579849965556 -82.93177083333333
236.284176730189 -82.90911458333333
244.1480787862097 -82.82994791666667
252.33681523368855 -82.78046875
260.95834496714497 -82.80885416666666
270.0364293018854 -82.89479166666666
274.4432806786953 -82.91713169642857
284.870776631391 -82.9453125
295.48358550702545 -82.91517857142857
306.19047420843975 -82.93805803571429
316.9194866563898 -82.86049107142857
327.65927267777494 -82.896484375
338.4181221364632 -82.86774553571429
359.98570372349707 -82.94056919642857
370.78223320050273 -82.99609375
381.57309586902346 -82.97377232142857
392.3442390957188 -82.94447544642857
403.0916701939768 -82.91266741071429
413.8151373859527 -83.00892857142857
424.5182191486772 -82.98688616071429
429.5381003002116 -83.01848958333333
439.50348970041193 -83.03125
449.460428908097 -83.18020833333334
459.3879518247561 -83.20182291666667
469.22927001077187 -83.15520833333333
478.875370328358 -83.12734375
488.20748967972247 -83.16276041666667
497.13041272883066 -83.15234375
505.5890425218682 -83.16666666666667
513.4973935989427 -83.08541666666666
520.7834345343717 -83.16171875
527.3925088678768 -83.14453125
533.2794520200093 -83.10963541666666
538.4378529794335 -83.06536458333333
542.9103848558722 -83.14817708333334
546.7003338570099 -83.15729166666667
549.8037836651889 -83.075
552.2458092344159 -83.02604166666667
554.0782978610913 -83.05026041666666
555.377131804169 -83.02135416666667
556.2558502421757 -82.96380208333333
556.8135918504206 -82.97734375
557.0877715408249 -82.9828125
557.0215127305416 -82.88255208333334
556.6062871270877 -83.03567708333334
556.5189182934752 -82.98465401785714
555.3234262816876 -82.99944196428571
553.7394149699946 -82.95452008928571
551.7228813714829 -82.8828125
549.1829618343161 -82.64955357142857
546.0755119490592 -82.56166294642857
542.3612871581535 -82.63532366071429
532.9409855534108 -82.494140625
527.1908621992798 -82.58537946428571
520.7491074495471 -82.634765625
513.6494060335303 -82.71958705357143
505.95449261961545 -82.81501116071429
497.77176843053707 -82.89313616071429
489.1895857083949 -82.75306919642857
484.68074632343746 -82.81458333333333
476.10163697314425 -82.80416666666666
467.31629308658125 -82.87942708333334
458.36869494176 -82.92369791666667
449.29669010469325 -83.09921875
440.1324979726105 -83.1703125
430.9146034497206 -83.10442708333333
421.6713829260392 -83.08567708333334
412.4148923800389 -83.15677083333334
403.1447452948988 -83.20963541666667
393.8578100331194 -83.20755208333334
384.5502637868193 -83.16666666666667
375.22564736705016 -83.18411458333334
365.8912947295551 -83.18958333333333
356.55506889397367 -83.20442708333333
347.22238778028384 -83.30286458333333
337.8974359108059 -83.33697916666667
328.5816145716577 -83.32161458333333
319.28435546022 -83.26953125
310.0178522302917 -83.19557291666666
300.8101420387323 -83.17682291666667
291.7085165881898 -83.21744791666667
282.79819186975817 -83.125
274.1800920545588 -83.11953125
265.95448917970566 -83.00963541666667
258.1582333657106 -82.95234375
250.75966757668635 -82.79869791666667
243.68400692069036 -82.71979166666667
239.6622622599231 -82.67550223214286
232.5383401845568 -82.81724330357143
225.54680753176308 -82.62779017857143
218.6454184535677 -82.53097098214286
211.80081058582925 -82.63727678571429
204.98114696649353 -82.72349330357143
198.16446816794272 -82.71707589285714
184.41138703099566 -82.82449776785714
177.356368012196 -82.91852678571429
170.06915486098438 -82.84737723214286
162.46306257483283 -82.98074776785714
154.5120743691603 -82.88309151785714
146.26123820482044 -82.92159598214286
137.79552699385889 -82.97544642857143
133.7434700364717 -82.9640625
125.6592494752292 -82.84348958333334
117.58842977833426 -82.90104166666667
109.59665557621089 -82.95833333333333
101.74543824640627 -82.81666666666666
94.08832157132233 -82.68828125
86.66465147946455 -82.82161458333333
79.51614806654828 -82.73619791666667
72.68445458237856 -82.67734375
66.16410011699149 -82.51432291666667
59.944938213085436 -82.49244791666666
54.01910941851398 -82.46953125
48.413287212901665 -82.57526041666667
43.166800435732476 -82.44973958333334
38.32693570884016 -82.30208333333333
33.90203529306766 -82.0671875
29.885087026225698 -81.99036458333333
26.225677779147087 -81.80260416666667
22.87363862099015 -81.49661458333334
19.778348340696148 -81.2296875
16.916474285380822 -80.79296875
14.259498146234904 -80.38125
11.76961579816933 -80.01770833333333
9.440502410008932 -80.01171875
7.380970800559964 -80.03203125
5.854263024592783 -80.19010416666667
5.290750529754331 -80.07395833333334
5.527997838610522 -79.89146205357143
6.43576468612245 -79.98465401785714
7.807516599633899 -80.10965401785714
9.35128556978096 -80.31138392857143
10.914065344439168 -80.49637276785714
12.409652066710835 -80.78738839285714
13.797416862611737 -81.251953125
16.14685629275706 -82.11551339285714
17.10435348664011 -82.38504464285714
17.904812416621958 -82.72126116071429
18.554897494923917 -82.74246651785714
19.06418553380511 -82.88616071428571
19.431608754279555 -82.79352678571429
19.65770127078732 -82.81194196428571
19.66111178011421 -82.78125
19.701156185075714 -82.90026041666667
19.710766797631234 -82.90494791666667
19.710742025850298 -83.02760416666666
19.71074249375964 -82.97154017857143
19.71072304860281 -82.8446514423077
19.710778566471216 -82.71647135416667
19.710712378445567 -82.81889204545455
19.710716702673512 -82.751171875
19.710641758166513 -82.84852430555556
19.71045021906064 -82.97314453125
800.7018274289409 -82.91259765625
799.7728495050368 -82.78125
798.5488130400497 -82.790234375
796.9980465204944 -82.90269886363636
795.0921979458385 -82.92740885416667
792.8719680217383 -82.94080528846153
790.3753003275516 -82.94782366071429
787.6327802383614 -82.94322916666667
783.5009473322849 -82.94375
778.7397856284423 -82.87291666666667
773.3250439522444 -82.86796875
767.2374204350415 -82.82005208333334
760.4986352897758 -82.84661458333333
753.1237635155601 -82.853125
745.1436198635303 -82.84088541666667
736.591056425486 -82.86276041666666
727.4980251751856 -82.86119791666667
717.9049318952433 -82.83333333333333
707.8646064411715 -82.8453125
697.4350016308115 -82.85026041666667
686.6237652641333 -82.85963541666666
675.4348779315947 -82.90833333333333
663.8849530628048 -82.94010416666667
651.9975678885177 -82.96041666666666
639.799960427417 -82.9828125
627.3151088178114 -82.97942708333333
614.5612745230292 -83.14166666666667
601.554489834816 -83.13489583333333
595.2876238380743 -83.13616071428571
580.8417850004605 -83.18470982142857
566.1961544847884 -83.25864955357143
387.8305757126399 -83.39229910714286
381.15385542233645 -83.37109375
367.972304222389 -83.35729166666667
355.016610983962 -83.22317708333334
342.3303321608292 -83.1296875
329.96157532458545 -83.0265625
317.95922488290796 -82.90885416666667
306.3777693735102 -82.99869791666667
295.27729651190987 -82.95729166666666
284.71419468497504 -82.90703125
274.74149290463856 -82.9125
265.4118114850163 -82.94661458333333
256.7676233653411 -82.92734375
248.8601134300808 -82.87109375
241.72672646591553 -82.81015625
235.3530926330165 -82.80026041666666
229.6778262937109 -82.8171875
224.6201390391126 -82.77864583333333
220.0969836332628 -82.90833333333333
216.01099715228025 -82.9359375
212.2318753530759 -82.90651041666666
208.62100974975016 -82.9703125
205.0537204949713 -82.84661458333333
201.41357095257118 -82.85703125
200.02887752274975 -82.89425223214286
195.64891894199775 -82.93191964285714
190.91857791452392 -82.88225446428571
185.778648170255 -82.85267857142857
180.18122256124056 -82.93498883928571
174.1033453066022 -82.86356026785714
167.58325731855052 -82.89174107142857
153.5683168817348 -82.93108258928571
146.21103753206452 -82.94308035714286
138.67289479892418 -82.82477678571429
131.0099234718953 -82.80998883928571
123.28152093824379 -82.73186383928571
115.5375228426978 -82.67354910714286
107.82030282331172 -82.73995535714286
104.39740323676158 -82.71744791666667
97.35799132759287 -82.65677083333334
90.45098938084469 -82.70494791666667
83.69934619770514 -82.72083333333333
77.11826353454425 -82.7046875
70.73092706435702 -82.88932291666667
64.57312259683997 -82.68828125
58.683456982963094 -82.74635416666666
53.08301291027477 -82.64557291666667
47.7795969271758 -82.59348958333334
42.77902116436044 -82.67317708333333
40.132308744437964 -82.673828125
35.397367381037455 -82.69782366071429
31.04313637203573 -82.81584821428571
27.130543273194107 -82.763671875
23.747393620520818 -82.85072544642857
21.009293572600725 -82.81919642857143
19.066568444227116 -82.82254464285714
18.06907122053592 -82.80217633928571
19.002999787380112 -82.64006696428571
20.683057184851705 -82.85797991071429
22.92325791810217 -82.80998883928571
25.55521514974219 -82.89034598214286
28.411854295437465 -82.84598214285714
31.375496610301408 -82.80133928571429
32.63133492127448 -82.86276041666666
35.44379661155243 -82.81692708333334
38.26874502310608 -82.63828125
41.03208923522059 -82.571875
43.63558731965555 -82.63567708333333
46.00123238062099 -82.58984375
48.06307061853135 -82.40625
49.75935514164272 -82.51302083333333
51.060135562832635 -82.465625
51.96131284787489 -82.47239583333334
52.46655476163719 -82.50416666666666
52.56885776126337 -82.49505208333333
52.27095091129619 -82.46119791666666
51.600766789721746 -82.48046875
50.599459012942496 -82.4796875
49.2794571370731 -82.37682291666667
47.63261708151772 -82.42005208333333
47.00983553141909 -82.58705357142857
44.5813712466514 -82.70591517857143
41.88657699175508 -82.55915178571429
38.9760018668296 -82.716796875
35.90808778111418 -82.78236607142857
32.74299949361351 -82.65262276785714
29.514303210885746 -82.67354910714286
22.985177183827595 -82.39732142857143
19.803261822335458 -82.31612723214286
16.77668915135378 -82.29631696428571
14.039704018821794 -82.2890625
11.823654398928452 -82.14536830357143
10.485160873026256 -82.16657366071429
10.36762361937723 -81.95424107142857
10.755485342933248 -81.98072916666666
12.137407851016306 -81.93177083333333
14.070300534280628 -81.99609375
16.25677168409002 -81.89973958333333
18.49159645371233 -82.02942708333333
20.64672047867469 -82.05651041666667
22.651361244821388 -82.09947916666667
24.477672896368606 -82.25026041666666
26.10672466062952 -82.340625
27.504141593256282 -82.4
28.62630119323006 -82.41744791666666
29.424565920529144 -82.4203125
29.871077447224955 -82.565625
29.989561704683403 -82.55208333333333
29.81577087872169 -82.61770833333334
29.37489522010559 -82.57291666666667
28.687472294432844 -82.55416666666666
27.778496033295802 -82.43541666666667
26.661307287501685 -82.19114583333334
25.33888519786748 -81.93619791666667
23.850472087959417 -81.7703125
22.23018650067109 -81.715625
20.5302124183999 -81.50234375
19.71576463674396 -81.47739955357143
17.865840928975075 -81.45396205357143
16.171169359332332 -81.40262276785714
14.748303240802526 -81.48911830357143
13.6923939074031 -81.56640625
13.068228325859918 -81.60491071428571
12.953676279704798 -81.77120535714286
14.537854538498271 -81.962890625
16.1301908127173 -82.07003348214286
18.11169586883382 -82.32282366071429
20.36642460463157 -82.52985491071429
22.817474878708047 -82.67829241071429
25.41484726361406 -82.77483258928571
28.083358897979416 -82.92829241071429
29.260145867076854 -82.89791666666666
31.496327289125205 -82.93932291666667
33.44939004205533 -82.96614583333333
35.08945216136915 -83.03958333333334
36.441447077507966 -83.01354166666667
37.49413702845012 -83.03645833333333
38.20860564841299 -82.9046875
38.53003458795875 -82.97578125
38.42051593770427 -82.88463541666667
37.88024646870021 -82.77213541666667
36.91537686102195 -82.78723958333333
35.555342896181955 -82.77552083333333
33.819517145676414 -82.7703125
31.698620865747948 -82.64765625
29.23306806863143 -82.634375
26.53820068119178 -82.5734375
23.71323685431793 -82.48359375
20.826658880870852 -82.334375
17.88559233912952 -82.17057291666667
14.852469006013397 -82.06640625
11.747028730207761 -81.86354166666666
8.692777202654664 -81.909375
6.07108930084578 -81.78098958333334
4.937884370133038 -81.72083333333333
6.287701764738684 -81.83880208333333
9.132523544370756 -81.87291666666667
12.541254421312527 -81.79453125
16.24949322698797 -81.74505208333333
20.201006512520983 -81.8765625
24.403379037409213 -81.93151041666667
28.880248112726342 -81.9984375
31.046173866016343 -82.04380580357143
36.36346776320198 -82.18191964285714
41.97271112823878 -82.19112723214286
47.86448893155596 -82.31473214285714
54.03307496081086 -82.47516741071429
60.468095873560124 -82.51422991071429
67.15824634575263 -82.49581473214286
81.3449488988791 -82.62193080357143
88.8571822006817 -82.61941964285714
96.64435140324969 -82.64090401785714
104.67653646047609 -82.65178571428571
112.89948757833643 -82.57952008928571
121.25414505633883 -82.56919642857143
129.6880447783319 -82.61886160714286
133.6932883602084 -82.728125
141.50429018420394 -82.83098958333333
149.12335547744712 -82.85833333333333
156.51100410556154 -82.75520833333333
163.72544509420706 -82.77005208333334
170.84135305988784 -82.77057291666667
177.92502518816727 -82.80677083333333
185.0213901267706 -82.79817708333333
192.16827024391316 -82.865625
199.36178339891327 -82.88203125
206.58735266788173 -82.95807291666667
213.85417803986977 -82.98958333333333
221.19699058427628 -82.98984375
228.65579849965556 -82.93177083333333
236.284176730189 -82.90911458333333
244.1480787862097 -82.82994791666667
252.33681523368855 -82.78046875
260.95834496714497 -82.80885416666666
270.0364293018854 -82.89479166666666
274.4432806786953 -82.91713169642857
284.870776631391 -82.9453125
295.48358550702545 -82.91517857142857
306.19047420843975 -82.93805803571429
316.9194866563898 -82.86049107142857
327.65927267777494 -82.896484375
338.4181221364632 -82.86774553571429
359.98570372349707 -82.94056919642857
370.78223320050273 -82.99609375
381.57309586902346 -82.97377232142857
392.3442390957188 -82.94447544642857
403.0916701939768 -82.91266741071429
413.8151373859527 -83.00892857142857
424.5182191486772 -82.98688616071429
429.5381003002116 -83.01848958333333
439.50348970041193 -83.03125
449.460428908097 -83.18020833333334
459.3879518247561 -83.20182291666667
469.22927001077187 -83.15520833333333
478.875370328358 -83.12734375
488.20748967972247 -83.16276041666667
497.13041272883066 -83.15234375
505.5890425218682 -83.16666666666667
513.4973935989427 -83.08541666666666
520.7834345343717 -83.16171875
527.3925088678768 -83.14453125
533.2794520200093 -83.10963541666666
538.4378529794335 -83.06536458333333
542.9103848558722 -83.14817708333334
546.7003338570099 -83.15729166666667
549.8037836651889 -83.075
552.2458092344159 -83.02604166666667
554.0782978610913 -83.05026041666666
555.377131804169 -83.02135416666667
556.2558502421757 -82.96380208333333
556.8135918504206 -82.97734375
557.0877715408249 -82.9828125
557.0215127305416 -82.88255208333334
556.6062871270877 -83.03567708333334
556.5189182934752 -82.98465401785714
555.3234262816876 -82.99944196428571
553.7394149699946 -82.95452008928571
551.7228813714829 -82.8828125
549.1829618343161 -82.64955357142857
546.0755119490592 -82.56166294642857
542.3612871581535 -82.63532366071429
532.9409855534108 -82.494140625
527.1908621992798 -82.58537946428571
520.7491074495471 -82.634765625
513.6494060335303 -82.71958705357143
505.95449261961545 -82.81501116071429
497.77176843053707 -82.89313616071429
489.1895857083949 -82.75306919642857
484.68074632343746 -82.81458333333333
476.10163697314425 -82.80416666666666
467.31629308658125 -82.87942708333334
458.36869494176 -82.92369791666667
449.29669010469325 -83.09921875
440.1324979726105 -83.1703125
430.9146034497206 -83.10442708333333
421.6713829260392 -83.08567708333334
412.4148923800389 -83.15677083333334
403.1447452948988 -83.20963541666667
393.8578100331194 -83.20755208333334
384.5502637868193 -83.16666666666667
375.22564736705016 -83.18411458333334
365.8912947295551 -83.18958333333333
356.55506889397367 -83.20442708333333
347.22238778028384 -83.30286458333333
337.8974359108059 -83.33697916666667
328.5816145716577 -83.32161458333333
319.28435546022 -83.26953125
310.0178522302917 -83.19557291666666
300.8101420387323 -83.17682291666667
291.7085165881898 -83.21744791666667
282.79819186975817 -83.125
274.1800920545588 -83.11953125
265.95448917970566 -83.00963541666667
258.1582333657106 -82.95234375
250.75966757668635 -82.79869791666667
243.68400692069036 -82.71979166666667
239.6622622599231 -82.67550223214286
232.5383401845568 -82.81724330357143
225.54680753176308 -82.62779017857143
218.6454184535677 -82.53097098214286
211.80081058582925 -82.63727678571429
204.98114696649353 -82.72349330357143
198.16446816794272 -82.71707589285714
184.41138703099566 -82.82449776785714
177.356368012196 -82.91852678571429
170.06915486098438 -82.84737723214286
162.46306257483283 -82.98074776785714
154.5120743691603 -82.88309151785714
146.26123820482044 -82.92159598214286
137.79552699385889 -82.97544642857143
133.7434700364717 -82.9640625
125.6592494752292 -82.84348958333334
117.58842977833426 -82.90104166666667
109.59665557621089 -82.95833333333333
101.74543824640627 -82.81666666666666
94.08832157132233 -82.68828125
86.66465147946455 -82.82161458333333
79.51614806654828 -82.73619791666667
72.68445458237856 -82.67734375
66.16410011699149 -82.51432291666667
59.944938213085436 -82.49244791666666
54.01910941851398 -82.46953125
48.413287212901665 -82.57526041666667
43.166800435732476 -82.44973958333334
38.32693570884016 -82.30208333333333
33.90203529306766 -82.0671875
29.885087026225698 -81.99036458333333
26.225677779147087 -81.80260416666667
22.87363862099015 -81.49661458333334
19.778348340696148 -81.2296875
16.916474285380822 -80.79296875
14.259498146234904 -80.38125
11.76961579816933 -80.01770833333333
9.440502410008932 -80.01171875
7.380970800559964 -80.03203125
5.854263024592783 -80.19010416666667
5.290750529754331 -80.07395833333334
5.527997838610522 -79.89146205357143
6.43576468612245 -79.98465401785714
7.807516599633899 -80.10965401785714
9.35128556978096 -80.31138392857143
10.914065344439168 -80.49637276785714
12.409652066710835 -80.78738839285714
13.797416862611737 -81.251953125
16.14685629275706 -82.11551339285714
17.10435348664011 -82.38504464285714
17.904812416621958 -82.72126116071429
18.554897494923917 -82.74246651785714
19.06418553380511 -82.88616071428571
19.431608754279555 -82.79352678571429
19.65770127078732 -82.81194196428571
19.66111178011421 -82.78125
19.701156185075714 -82.90026041666667
19.710766797631234 -82.90494791666667
19.710742025850298 -83.02760416666666
19.71074249375964 -82.97154017857143
19.71072304860281 -82.8446514423077
19.710778566471216 -82.71647135416667
19.710712378445567 -82.81889204545455
19.710716702673512 -82.751171875
19.710641758166513 -82.84852430555556
19.71045021906064 -82.97314453125
