815.0506252094656 -77.11767578125
814.118457854106 -77.3359375
812.8849610202764 -77.464453125
811.3226114804377 -77.52947443181819
809.4047467794775 -77.45475260416667
807.1717313216708 -77.50510817307692
804.6609916892198 -77.49107142857143
801.9036973285038 -77.46692708333333
797.7501028626842 -77.42526041666666
792.9647246444913 -77.43489583333333
787.5231946381649 -77.43645833333333
781.4059893835977 -77.48776041666666
774.6332364460175 -77.57265625
767.2210135196665 -77.47395833333333
759.1998010904678 -77.52578125
750.6028402507394 -77.58776041666667
741.4637673091469 -77.47708333333334
731.825409694908 -77.33125
721.7382572629267 -77.20807291666667
711.2592356987191 -77.18697916666666
700.3960989891517 -77.13854166666667
689.1532466360163 -77.21927083333334
677.5465608727771 -77.25104166666667
665.6001623999091 -77.27239583333333
653.3403038388676 -77.26614583333334
640.7902583696897 -77.27916666666667
627.9682743333973 -77.05442708333334
614.8897773334112 -76.99088541666667
601.570934136646 -77.16276041666667
588.0303378615831 -77.275
574.2975469265571 -77.209375
560.4067644111761 -77.12057291666666
546.394522804497 -77.18619791666667
532.2959296632993 -77.3203125
518.1461812726365 -77.44505208333334
503.9787231279937 -77.47473958333333
489.82710009078096 -77.38984375
475.71064027706694 -77.41770833333334
461.642430452047 -77.45807291666667
447.6374729386219 -77.43411458333334
433.71356717122165 -77.5015625
419.890610847814 -77.67369791666667
413.0466084228892 -77.73521205357143
398.4434693823159 -77.5859375
384.03630454251606 -77.37360491071429
369.86149318496126 -77.35686383928571
355.9661114511171 -77.33565848214286
342.4025689680171 -77.41155133928571
329.2256671897035 -77.27064732142857
304.2762732162594 -77.06612723214286
292.63410546872933 -77.10909598214286
281.6297016636207 -77.09709821428571
271.3243771623962 -77.123046875
261.76874242079856 -77.14229910714286
253.02396856760856 -77.064453125
245.13991342090432 -77.06473214285714
242.15821106448328 -77.06875
236.03639482225128 -77.12161458333334
230.57906884622122 -77.26119791666666
225.6934077257136 -77.27135416666667
221.2796227928625 -77.36901041666667
217.21359454371395 -77.32786458333334
213.36372786179692 -77.29895833333333
209.6065112775243 -77.35963541666666
205.82722811613618 -77.31796875
201.92013653764528 -77.2890625
197.79884937534916 -77.22786458333333
193.3899702554205 -77.30130208333334
188.63806581326548 -77.2234375
183.49587918418467 -77.10807291666667
177.93533969743805 -77.13541666666667
171.96924750433948 -77.14661458333333
165.655765227138 -77.1296875
159.05662789584693 -77.01302083333333
152.2429380491038 -77.046875
145.26364075396486 -77.05364583333333
138.17730359997645 -77.03046875
131.0381266861156 -77.09088541666667
123.89307622824543 -77.1421875
116.78141641067234 -77.18203125
109.74488441707473 -77.18932291666667
102.8212285899335 -77.24739583333333
96.04179662661315 -77.07213541666667
89.43386846678865 -77.14791666666666
83.0168141626984 -77.24713541666667
79.66301512893344 -77.20368303571429
73.26206059954947 -77.24665178571429
67.17772525453309 -77.26813616071429
61.435330884196425 -77.29380580357143
56.04733439466363 -77.23828125
51.02510943522602 -77.15931919642857
46.38538791408788 -77.08510044642857
38.35495958081669 -77.02566964285714
35.043218184045735 -76.951171875
32.27181822779563 -76.88671875
30.09792416750688 -76.83816964285714
28.56424844456697 -76.88448660714286
27.690772355566978 -76.93303571428571
27.477161451206868 -76.92075892857143
27.553132546480608 -76.99869791666667
28.13467461336876 -76.83072916666667
29.171129900396128 -76.86067708333333
30.602690443749307 -76.92604166666666
32.34506656293203 -76.83177083333334
34.29167601275217 -76.97005208333333
36.36990062023896 -76.98828125
38.546402305217505 -76.97838541666667
40.809755155062845 -77.12239583333333
43.13385439368503 -77.1890625
45.45338446783917 -77.340625
47.701314098535654 -77.30234375
49.80432436669463 -77.28619791666667
51.68369385544741 -77.27161458333333
53.24720985629252 -77.33203125
54.44314398754239 -77.23619791666667
55.25988906441919 -77.36875
55.68783237093307 -77.30729166666667
55.728261856831395 -77.08229166666666
55.394269065778914 -77.23645833333333
54.73547664337756 -77.090625
53.79273296147751 -77.05546875
52.581585851945036 -77.05755208333333
51.0819259601163 -76.99947916666666
49.27180497099345 -76.853125
47.1711787983514 -76.8046875
44.80791038136426 -76.86770833333334
42.22920122129367 -76.828125
40.95294799139004 -76.76953125
37.918482279269995 -76.72935267857143
34.87938578361011 -76.73688616071429
31.909329485008872 -76.79966517857143
29.077271513253375 -76.74274553571429
26.448589764585986 -76.974609375
24.10993379412943 -76.79938616071429
20.747566504590583 -76.90290178571429
19.941737999202246 -76.77064732142857
19.81364561707883 -76.64006696428571
20.334551346566812 -76.84235491071429
21.378508909512334 -76.76339285714286
22.790816252169435 -76.6171875
24.39067246697994 -76.67633928571429
24.755676162789594 -76.62291666666667
26.07974214318023 -76.59479166666667
27.301103518257822 -76.51223958333334
28.404436661612237 -76.42942708333334
29.35330525598461 -76.36953125
30.092090439677147 -76.30442708333334
30.55725004708444 -76.4359375
30.704049703519036 -76.55026041666666
30.536608559492752 -76.53020833333333
30.070326195099298 -76.67526041666666
29.328777404672163 -76.66432291666666
28.334490580478334 -76.62265625
27.11451338045542 -76.45130208333333
25.67602948338418 -76.409375
24.02427503805181 -76.45494791666667
22.194146906735646 -76.4046875
20.21629059097968 -76.3921875
18.11851476507932 -76.52734375
15.919850222011878 -76.57994791666667
13.649264611207611 -76.70130208333333
11.347196766251546 -76.73359375
9.082386729690192 -76.64166666666667
6.936844321207447 -76.38203125
5.0244898396327455 -76.41354166666666
3.6916135494715365 -76.22916666666667
3.7307921416301664 -76.25052083333334
5.2031211189891735 -76.29505208333333
7.3439484245426705 -76.33984375
9.750232031934214 -76.459375
12.274255292459218 -76.32578125
14.87034812005503 -76.36848958333333
17.528889494079397 -76.29322916666666
18.8054536102299 -76.20368303571429
21.737206927882145 -76.07003348214286
24.598617554799016 -76.12834821428571
27.25026052254342 -76.15150669642857
29.58528155432106 -76.263671875
31.548731295765492 -76.52901785714286
33.10393362492195 -76.44893973214286
34.94002102308786 -76.84542410714286
35.18387489488528 -76.86495535714286
34.966137995814385 -76.97823660714286
34.29632613447279 -76.96623883928571
33.21062071245327 -77.11467633928571
31.758552068414538 -77.23381696428571
29.964481785071662 -77.36997767857143
28.657042619652948 -77.3828125
26.432244305783932 -77.2640625
24.030194009641857 -77.13854166666667
21.54679909495814 -77.14010416666666
19.08227297579933 -77.09895833333333
16.73709187407111 -76.99140625
14.683680437329773 -76.89739583333333
13.169933758238344 -76.70364583333334
12.50376317364749 -76.62916666666666
12.901138208517178 -76.66770833333334
14.292878945274795 -76.63463541666667
16.437486996915116 -76.68333333333334
19.07348118973322 -76.75338541666666
22.042984607123987 -76.74791666666667
25.29554445523418 -76.69166666666666
28.836200818960076 -76.64921875
32.6972768883669 -76.94296875
36.88672300535621 -77.00182291666667
41.40136521737796 -76.94114583333334
46.225565536840165 -77.00052083333334
51.35194652243902 -77.07213541666667
56.77174484407996 -77.31875
62.47138605905616 -77.48255208333333
68.44045739006373 -77.42317708333333
71.24436597149055 -77.38783482142857
78.2063707308568 -77.40541294642857
85.48700422495975 -77.41517857142857
93.07676220922643 -77.29771205357143
100.94034428521677 -77.19029017857143
109.01840894002018 -77.31696428571429
117.24848137317805 -77.31166294642857
133.93106497522723 -77.26953125
142.2211010229497 -77.34486607142857
150.31661436028946 -77.25027901785714
158.17393826870523 -77.27985491071429
165.8528568612365 -77.15150669642857
173.43286498567224 -77.1171875
180.98249443897106 -77.13225446428571
184.23861831684044 -77.13854166666667
191.35145841583804 -77.10677083333333
198.51328285187677 -77.1515625
205.7088140237192 -77.24557291666666
212.94798856835348 -77.38932291666667
220.26527314520135 -77.33489583333333
227.69959676223405 -77.32265625
235.30488684166926 -77.29765625
243.14672521542974 -77.28802083333333
251.31392760990025 -77.26197916666666
259.91437780646106 -77.42291666666667
268.97181618186653 -77.37369791666667
278.40887977784985 -77.47239583333334
288.12299034888434 -77.48645833333333
298.0111218881914 -77.44505208333334
307.9884732039161 -77.34973958333333
317.98754150282605 -77.43854166666667
327.9979022945389 -77.39479166666666
338.0276063154365 -77.34296875
348.07519506078506 -77.29479166666667
358.1352279233501 -77.20234375
368.2019453422571 -77.15338541666667
378.2640407290726 -77.03203125
388.308242341978 -76.97369791666667
398.33071166420467 -76.96979166666667
408.33183331621336 -76.94296875
418.3142806427727 -76.88307291666666
428.2821370837885 -76.81432291666667
438.24159751495284 -76.76822916666667
448.1932594370129 -76.76015625
458.1159016905749 -76.81015625
467.952455237511 -76.8421875
477.5950513569112 -76.8421875
486.9299987930491 -76.82109375
495.8584740841128 -76.8546875
504.31812631217997 -76.88880208333333
512.2436899123505 -76.96666666666667
519.5929417897404 -76.98255208333333
524.0382960943297 -77.025390625
530.5500437988534 -77.00697544642857
536.3204021511469 -76.97154017857143
541.3553379253789 -77.01618303571429
545.6671175858571 -77.07059151785714
549.27482490431 -77.22433035714286
552.2074984127711 -77.25055803571429
556.2649267193941 -77.32059151785714
557.5682286142911 -77.38141741071429
558.5222893739244 -77.38950892857143
559.1804924596631 -77.27455357142857
559.4900005245888 -77.30943080357143
559.411116294089 -77.353515625
558.9131792912245 -77.50697544642857
557.9959688346015 -77.45078125
556.6868789812769 -77.43307291666666
554.937133932768 -77.43098958333333
552.6997260390607 -77.453125
549.9253217822936 -77.45
546.5555089349914 -77.33619791666666
542.5447037104881 -77.36432291666667
537.8690963552468 -77.3390625
532.5288194747106 -77.34427083333334
526.5396914615193 -77.22760416666667
519.9356600392847 -77.31875
512.7668363114327 -77.45234375
505.13314417336125 -77.41145833333333
497.12527990659123 -77.36510416666667
488.80398813380936 -77.346875
480.228063565304 -77.43046875
471.44620766081596 -77.478125
462.50264238807347 -77.39661458333333
453.43509745165983 -77.38802083333333
444.2755540439091 -77.43854166666667
435.06253933471214 -77.47213541666666
425.824593532775 -77.34166666666667
416.573916803681 -77.40703125
407.3103130591732 -77.36979166666667
398.0300536904611 -77.35130208333334
388.72977143837073 -77.20286458333334
379.41276893406916 -77.1328125
370.0867281966753 -77.171875
360.7593799492715 -77.22369791666667
351.43635574052604 -77.1453125
342.1217230974779 -77.09192708333333
332.8175641261649 -77.10729166666667
323.5326951537036 -77.16666666666667
314.27966961303025 -77.19114583333334
305.08649913484004 -77.11953125
295.9998954775292 -77.17630208333334
287.1046977026089 -77.38463541666667
278.50195170578354 -77.28723958333333
270.2919406023123 -77.35911458333334
262.51153649622574 -77.43489583333333
255.12887757193874 -77.540625
250.9527153525521 -77.5703125
243.6543132552942 -77.48577008928571
236.54943167690675 -77.38030133928571
229.5789643289395 -77.44838169642857
222.7002870846948 -77.44419642857143
215.87963125478615 -77.474609375
209.08526688829625 -77.47488839285714
195.48261196931927 -77.36830357142857
188.6051056477409 -77.32338169642857
181.5881578279136 -77.32198660714286
174.34438404747118 -77.35825892857143
166.78804606690323 -77.15206473214286
158.8946377353259 -77.22767857142857
150.71007815097897 -77.23688616071429
146.6584407485397 -77.19244791666667
138.70444924065978 -77.33802083333333
130.70468319734476 -77.39895833333334
122.72787724567986 -77.36015625
114.84140395264883 -77.3234375
107.10893865759574 -77.24869791666667
99.58647581730919 -77.24348958333333
92.31289769238755 -77.29166666666667
85.32843272160497 -77.25130208333333
78.67766536535858 -77.14869791666666
72.36150846784061 -77.12109375
66.37803052771812 -77.10807291666667
60.7291189021535 -77.20520833333333
55.42624565995359 -77.13958333333333
50.49118847735539 -77.15677083333334
45.961950357195924 -77.26432291666667
41.83966975474412 -77.121875
38.11596625278996 -77.025
34.74355892963784 -76.98515625
31.664473604172144 -76.89375
28.81146132861932 -76.88854166666667
26.144135255284407 -76.5265625
23.624491768277867 -76.0859375
21.2003136039461 -75.91354166666666
18.80727348150678 -75.78958333333334
16.42264022545479 -75.65104166666667
15.18254125180439 -75.53208705357143
12.588758998320147 -75.41908482142857
10.03036015668024 -75.29241071428571
7.586277424944502 -75.18415178571429
5.3029652757726025 -75.15848214285714
3.2751118930771534 -75.23744419642857
1.8158586899451536 -75.4140625
3.190382962189281 -75.53376116071429
4.550391595115196 -75.51534598214286
5.816586248456859 -75.81082589285714
6.9445770200825585 -76.25892857142857
7.915052576518645 -76.57170758928571
8.732338788715406 -76.66964285714286
9.40928581959162 -76.74274553571429
9.450015701661933 -76.67421875
9.778052816553489 -76.72291666666666
9.956293347592691 -76.85364583333333
10.0293671527283 -76.93776041666666
10.046896600181885 -76.86458333333333
10.047137574514936 -76.87083333333334
10.047258558682882 -76.77176339285714
10.047438709733335 -76.84945913461539
10.04756430062083 -76.8125
10.047686212713872 -76.83274147727273
10.047787349086189 -76.901953125
10.04791879870365 -76.84765625
10.047833552236845 -76.720703125
